20	30	20	10	5	5	
20	30	20	10	5	5	
20	30	19	9	5	5	
20	30	20	9	6	8	
19	30	19	8	6	5	
19	30	19	8	6	5	
19	31	19	8	8	5	
19	31	19	7	7	5	
20	31	19	8	8	5	
20	31	19	8	7	5	
20	31	19	8	7	5	
20	31	19	8	7	5	
20	31	19	8	7	5	
20	31	19	9	7	5	
20	31	19	9	7	5	
20	31	19	9	7	5	
22	34	17	10	9	4	
24	34	17	11	9	4	
26	36	17	11	14	5	
25	36	16	10	14	2	
25	38	19	14	15	2	
24	38	18	14	14	1	
26	39	18	20	15	2	
26	39	18	24	16	2	
25	39	16	24	16	1	
26	39	16	24	21	2	
26	39	16	23	19	0	
26	39	19	23	19	0		2018-04-11 10:25:25.773
26	38	19	23	19	0		2018-04-11 10:25:25.796
20	30	20	10	5	5		#refill
20	30	20	10	5	5		2018-04-11 14:02:43.619
20	30	22	13	5	6		2018-04-11 15:40:28.938
20	30	20	13	4	5		2018-04-11 15:40:28.970
